0.000000000000000000e+00 -0.000000000000000000e+00 -0.000000000000000000e+00 3.147883903873549116e-04 1.399799941774210543e-05
1.000000000000000056e-01 -0.000000000000000000e+00 -0.000000000000000000e+00 3.147883903873549116e-04 1.399799941774210543e-05
2.000000000000000111e-01 -0.000000000000000000e+00 -0.000000000000000000e+00 3.147883903873549116e-04 1.399799941774210543e-05
3.000000000000000444e-01 -0.000000000000000000e+00 -0.000000000000000000e+00 3.147883903873549116e-04 1.399799941774210543e-05
4.000000000000000222e-01 -0.000000000000000000e+00 -0.000000000000000000e+00 3.147883903873549116e-04 1.399799941774210543e-05
5.000000000000000000e-01 -0.000000000000000000e+00 -0.000000000000000000e+00 3.147883903873549116e-04 1.399799941774210543e-05
6.000000000000000888e-01 -0.000000000000000000e+00 -0.000000000000000000e+00 3.147883903873549116e-04 1.399799941774210543e-05
7.000000000000000666e-01 -0.000000000000000000e+00 -0.000000000000000000e+00 3.147883903873549116e-04 1.399799941774210543e-05
8.000000000000000444e-01 -0.000000000000000000e+00 -0.000000000000000000e+00 3.147883903873549116e-04 1.399799941774210543e-05
9.000000000000000222e-01 -0.000000000000000000e+00 -0.000000000000000000e+00 3.147883903873549116e-04 1.399799941774210543e-05
1.000000000000000000e+00 -0.000000000000000000e+00 -0.000000000000000000e+00 3.147883903873549116e-04 1.399799941774210543e-05
1.100000000000000089e+00 -0.000000000000000000e+00 -0.000000000000000000e+00 3.147883903873549116e-04 1.399799941774210543e-05
1.200000000000000178e+00 -0.000000000000000000e+00 -0.000000000000000000e+00 3.147883903873549116e-04 1.399799941774210543e-05
1.300000000000000044e+00 -0.000000000000000000e+00 -0.000000000000000000e+00 3.147883903873549116e-04 1.399799941774210543e-05
1.400000000000000133e+00 -0.000000000000000000e+00 -0.000000000000000000e+00 3.147883903873549116e-04 1.399799941774210543e-05
1.500000000000000000e+00 -0.000000000000000000e+00 -0.000000000000000000e+00 3.147883903873549116e-04 1.399799941774210543e-05
1.600000000000000089e+00 -0.000000000000000000e+00 -0.000000000000000000e+00 3.147883903873549116e-04 1.399799941774210543e-05
1.700000000000000178e+00 -0.000000000000000000e+00 -0.000000000000000000e+00 3.147883903873549116e-04 1.399799941774210543e-05
1.800000000000000044e+00 -0.000000000000000000e+00 -0.000000000000000000e+00 3.147883903873549116e-04 1.399799941774210543e-05
1.900000000000000133e+00 -0.000000000000000000e+00 -0.000000000000000000e+00 3.147883903873549116e-04 1.399799941774210543e-05
2.000000000000000000e+00 -0.000000000000000000e+00 -0.000000000000000000e+00 3.147883903873549116e-04 1.399799941774210543e-05
